Surge.msi | Villains Fanon Wiki - Fandom,https://villainsfanon.fandom.com/wiki/Surge.msi
联机游戏排行榜 - PC6下载,https://xianglijiang.com/hc6/dbjckzs_v1.0.msi
