"[PDF] Bola Sphere, Family, Spec Sheet - Pablo Designs",http://pablodesigns.com/uploads/bola-sphere-family-spec-sheet.pdf
[PDF] Bola Disc | Pablo Designs,http://pablodesigns.com/uploads/spec-sheet-bola-family-disc.pdf
Bola Motion - American Association of Physics Teachers,https://aapt.scitation.org/doi/pdf/10.1119/1.3361986
[PDF] Bola pendant | Delray Lighting,https://delraylighting.com/wp-content/uploads/2019/09/bola_led_glass_pendant_delray.pdf
[PDF] BOLA: Near-Optimal Bitrate Adaptation for Online Videos - arXiv,https://arxiv.org/pdf/1601.06748
[PDF] BOLA: Near-Optimal Bitrate Adaptation for Online Videos | Akamai,https://www.akamai.com/site/en/documents/research-paper/bola-near-optimal-bitrate-adaptation-for-online-videos.pdf
[PDF] Official Rules of Ladder Ball - Revize,https://cms4files.revize.com/duluthga/departments/parks_and_recreation/docs/Official_Rules_of_Ladder_Ball.pdf
"[PDF] Bola Sphere, Family, Assembly Instructions (Web) - Pablo",https://www.pablodesigns.eu/s/Bola-Sphere-Family-Assembly-Instructions-Web-yc3d.pdf
[PDF] EU - bola-sphere-table-spec-sheet-v6 copy - Pablo,https://www.pablodesigns.eu/s/EU-bola-sphere-table-spec-sheet-v6-copy.pdf
Redox Control of Arabidopsis thaliana BolA2 and SufE1 - Cell Press,http://www.cell.com/molecular-plant/pdf/S1674-2052(14)60863-7.pdf
