EL GRIMM - Information about el grimm complete and most intensive,https://www.diyhow.net/series/EL%2520GRIMM/Grimm.5x10%2520(1).mkv
shirt drive,https://drive.shirt.rip/0:/Raw/Beyblade/Beyblade.Burst.Evolution.S01E08.Season.Opener.European.League.1080p.NF.WEB-DL.DDP2.0.x264-SHIRT.mkv%3Fa%3Dview
PdMVtHD450.mkv - Un Portfolio de los trabajos sobre ... - Seesaa Wiki,https://seesaawiki.jp/potasaso/d/PdMVtHD450.mkv
Download Mac Gyver 2016 S01E07 Can Opener 1080p AMZN WEB ...,https://wrzucajpliki.pl/zw6tstfy5pqw/MacGyver.2016.S01E07.Can.Opener.PL.1080p.AMZN.WEB-DL.DD2.0.H264-Ralf.mkv
Placebo Rock Am Ring 2009 MTV HD Proshot MKV 720 PAL.mkv ...,"http://chomikuj.pl/hps/Pozosta*c5*82e%2BFLAC%2BFM%2B*26%2BHD/Placebo%2B-%2BRock%2BAm%2BRing%2B2009%2BMTV%2BHD%2BProshot%2BMKV%2B720%2BPAL/Placebo%2B-%2BRock%2BAm%2BRing%2B2009%2BMTV%2BHD%2BProshot%2BMKV%2B720%2BPAL,1887623842.mkv"
Bloc Party 2012 08 17 Lowlands Netherlands Complete Webcast ...,"http://chomikuj.pl/hps/Nagrania%2Bz%2BFestiwali/Lowlands%2BFestival%2B2012%2B-%2BNagrania/Bloc%2BParty%2B2012-08-17%2BLowlands*2c%2BNetherlands%2B-%2BComplete%2BWebcast%2B*5b720p*5d/Bloc%2BParty%2B2012-08-17%2BLowlands*2c%2BNetherlands%2B-%2BComplete%2BWebcast%2B*5b720p*5d,1880345165.mkv"
