video-sitemap-1.xml - Beards.org,https://www.beards.org/video-sitemap-1.xml
sitemap_blogs_1.xml - Bossman Brands,https://bossmanbrand.com/sitemap_blogs_1.xml
Event Details - The State Theatre,http://www.thestatetheatre.com/events/e2097.xml
IETF Identification and Security Guidelines - Pike Programming ...,https://pike.lysator.liu.se/docs/ietf/rfc/23/rfc2323.xml
sitemap.xml,https://www.mensjournal.com/sitemap.xml%3Fyyyy%3D2016%26mm%3D10%26dd%3D05
Marcel Duchamp and the Perceptual Dimension of Conceptual Art,https://brill.com/downloadpdf/book/edcoll/9789004235861/B9789004235861_005.xml
Untitled,https://beardmountain.com/sitemap_blogs_1.xml
"ARISTOPHANES, Birds | Loeb Classical Library",https://www.loebclassics.com/view/aristophanes-birds/2000/pb_LCL179.141.xml
Official Gentoo ebuild repository - repo/gentoo.git,https://cgit.gentoo.org/repo/gentoo.git/commit/dev-games/goatee/metadata.xml%3Fid%3Daa5f85226defc8cfa2ced0857b004fca782fd626
