[PPT] Caixas de luz para montras PROJECTO,http://www.inrede.pt/img_upload/RetroIlumApresentacaoProjectos.pps
"[PPT] 2: TV, radio, kranten en internet Commerciële zenders - Wikiwijs",https://maken.wikiwijs.nl/userfiles/6256af5fed4663d28703063dbedad0ec.ppt
[PPT] Misleiding en verwarring - IVIR,https://www.ivir.nl/publicaties/download/622.pdf
[PPT] PowerPoint-presentatie - Marijke Heine Schilderijen,https://www.marijkeheine.nl/school/20142015_oefenvragen_Havo3_begrippen_reclame.ppt
[PPT] Diapositive 1 - Histoire de Caychac,http://histoire-caychac.e-monsite.com/medias/files/dans-le-temps.pps
[PPT] Postbus 51/De Rijksoverheid geeft u informatie via tv-spots ...,https://www.montesquieu-instituut.nl/9353202/d/zomerconferentie/overheidscommunicatie%2520ppp.ppt
[PPT] PowerPoint Presentation - CM,https://www.cm.be/media/B-Archief_tcm47-43106.ppt
[PPT] PowerPoint Presentation - Trimbos-instituut,https://assets-sites.trimbos.nl/docs/2dbe2bbc-c3b8-498d-8f4e-4d681e343e74.ppt
[PPT] Dia 1 - Nieuwkomers West-Friesland,https://www.nieuwkomers-westfriesland.nl/download/c3-presentatie-module-2.ppt
[PPT] goed of fout?,http://www.staarmannederlands.nl/wp-content/uploads/2018/02/Argumenten-geven-theorie.ppt
