[DOC] New Two-Letter Words and Their Inflections - Seattle Scrabble Club,http://www.seattlescrabble.org/data/owl2becca.doc
[DOC] Being Our Companion.doc - The Presence Process Portal,http://www.thepresenceprocessportal.com/resources/Being%2520Our%2520Companion.doc
[DOC] HITHES11.doc - MICRA Inc.,http://www.micra.com/factotum/HITHES11.doc
[DOC] Body - Project Gutenberg,https://www.gutenberg.org/files/10681/10681-doc-body.doc
[DOC] The Colour Of Magic,http://lnx.krosis.com/pterry/D01%2520-%2520The%2520Colour%2520of%2520Magic.doc
[DOC] Doctrina Secreta Tomo III - Instituto Cultural Quetzalcoatl,https://www.samaelgnosis.net/libro/doc/doctrina_secreta_III.doc
[DOC] Dulce knjiga prevedena.doc,http://www.ivantic.info/Slike%2520i%2520kratki%2520filmovi/Dulce%2520knjiga%2520prevedena.doc
[DOC] Теогенезис. (третья часть древних Станц Дзиан),http://www.myshambhala.com/books/blavatsky/Blavatskaya_Tajnaya_Doktrina_3_(ot_Hrama_Chelovechestva).doc
