[DOC] ProStart and Ratios and Percents (ANSWER KEY),https://www.uen.org/lessonplan/download/35705%3FlessonId%3D28731%26segmentTypeId%3D6
[DOC] homework_-_determining_ka_from_ph_and_initial_conc.docx,https://mbeckerscience.weebly.com/uploads/5/5/2/7/55274677/homework_-_determining_ka_from_ph_and_initial_conc.docx
[DOC] Preparedness Items - Mass.gov,https://www.mass.gov/doc/know-plan-prepare-campaign-announcement-2019/download
[DOC] How to Prepare An Abstract,https://www.usi.edu/media/4669360/How-to-Prepare-an-Abstract_EBP-USI-instructionsRPW.docx
[DOC] Fisher Community Unit School District prepares students in a small ...,https://core-docs.s3.amazonaws.com/documents/asset/uploaded_file/1236306/May_21_Special_Board_Agenda.docx
[DOC] Prepare for Exams - De Anza College,https://www.deanza.edu/studentsuccess/mstrc/Test%2520Taking%2520Handout.docx
[DOC] SkillsUSA - Barren County School District,https://www.barren.k12.ky.us/userfiles/12067/Classes/102990//userfiles/12067/my%2520files/ilearn%2520-%2520day%25205.docx%3Fid%3D87366
[DOC] Accounting Technician - UNC Human Resources,https://hr.unc.edu/wp-content/uploads/sites/222/2018/05/Position-Description-Template_Accounting-Tech.docx
[DOC] Medicare Part D Open Enrollment Period (OEP) is Approaching,https://www.hhs.gov/guidance/sites/default/files/hhs-guidance-documents/2012171119-kd-prepare_now_medicare_part_d_open_enrollment_period_oep_is_approaching.docx
[DOC] Family & Consumer Sciences Pathways,http://www.warrencountyschools.org/userfiles/13494/my%2520files/career%2520pathways_registration2016-17.docx%3Fid%3D610524
