[PPT] Tanel Padar,https://www.syg.edu.ee/comeniussite/groenewald/rockmusic.ppt
[PPT] THE 1980s,http://www.oup.com/us/companion.websites/9780195396300/instructor/ppt/13_1_technology_mainstream.ppt
[PPT] History of the Future,http://tomandmaria.com/ST197/Presentations/Powerpoint/11%252080s%2520cyberpunk.ppt
[PPT] Matière noire,http://www.ias.u-psud.fr/pperso/hdole/enseignement/M2NPAC/Matiere_Noire.ppt
[PPT] Diapositive 1 - Xunta,https://www.edu.xunta.gal/centros/iesfontexeria/aulavirtual/pluginfile.php/7095/mod_resource/content/0/Festa_da_musica.pps
[PPT] Em 1981 - ATBT,https://www.atbt.org.br/downloads/Em_1981.ppt
"[PPT] &#65279;<!DOCTYPE html><html mip=""""><head><meta name ...",http://azw.jw113.com/azwbBcA/2022-04-08.html/ebjpVb.ppt%3FAvHYCVT.csv
"[PPT] &#65279; <!DOCTYPE html> <html lang=""en""> <head> <title ...",http://azw.jw113.com/azwHBiBW/2022-04-08.html/1639wfXpxcT.ppt%3F497869DWBUgRxT.xls
[PPT] STILOVI: Rock'n'roll,http://os-trnjanska-zg.skole.hr/upload/os-trnjanska-zg/newsattach/580/POP_glazba.ppt
[PPT] Готы (субкультура) - PPt4WEB.ru,https://fs1.ppt4web.ru/uploads/ppt/95274/e56ac1517fc7fe4135540ecf0d5d9c66.ppt
"[PPT] &#65279;<!DOCTYPE html> <html mip> <head> <meta charset=""utf ...",http://sc1.300bt.com/abcRoek//942iOVRKnq.ppt%3F603401vvWyrbmI.xlsx
