[PS] A simpler proof of McAllester's PAC-Bayes result,https://www.cs.cmu.edu/~jcl/papers/microchoice/pacbayes.ps
[PS] Niagra People NIAGRA Status Update,https://research.cs.wisc.edu/niagara/papers/presentation.ps
[PS] CSE 401: Introduction to Compiler Construction ... - Washington,https://courses.cs.washington.edu/courses/cse401/99au/details/lectures/94a/slides.ps
[PS] Alternative Semantics for Unawareness - CS@Cornell,https://www.cs.cornell.edu/home/halpern/papers/mr.ps
[PS] Poor Man's Japanese in TEX - CTAN,http://mirrors.ctan.org/fonts/poorman/pmjintro.ps
[PS] USERS' REFERENCE TO B ON MH-TSS - Nokia Bell Labs,https://www.bell-labs.com/usr/dmr/www/bref.ps
[PS] 18.02A PROBLEM SET 11 SOLUTIONS 1. (15 points) Let B be the ...,https://math.mit.edu/~dav/02Aps11sol.ps
"[PS] CS 61C Lecture Notes Week 3 Topic: C: More Pointers, Arrays ...",https://wla.berkeley.edu/~cs61c/sp04/Notes/week3.ps
[PS] Fixing some space leaks with a garbage collector,https://homepages.inf.ed.ac.uk/wadler/papers/leak/leak.ps.gz
[PS] Extensions to Metric-Based Model Selection,https://www.jmlr.org/papers/volume3/bengio03b/bengio03b.ps
