[PPT] Slide - Trinity Evangelical Church,https://trinity-evangelical-church.org/wp-content/uploads/2018/12/slides_1.pptx
[PPT] PowerPoint Presentation,https://www.cotkeaston.org/hp_wordpress/wp-content/uploads/2022/06/Athanasian-Creed-Shield-Of-The-Trinity.pptx
[PPT] Holy Baptism - AWS,https://unite-production.s3.amazonaws.com/tenants/mtcalvaryhuron/attachments/359314/Holy_Baptism_2.pptx
[PPT] Lecture 1: Introduction,http://web.mit.edu/aorlando/www/HT610Augustine/Lectures/Lecture%25206%2520The%2520Trinity%2520IX%2520-%2520XV.pptx
[PPT] PowerPoint Presentation - Biblecia,http://biblecia.com/wp-content/uploads/2019/03/Athanasian-Creed-Slides.pptx
[PPT] The Byzantine Empire,https://www.rcboe.org/cms/lib/GA01903614/Centricity/Domain/6485/powerpoint_3_14_byzantine_empire.pptx
[PPT] 2. The Christian (Confessional Lutheran) Worldview—The Standard ...,https://mlc-wels.edu/continuing-education/wp-content/uploads/sites/11/2019/05/Conflicting-Worldviews-2.pptx
[PPT] Hoe gedraagt een christen zich?,https://whcanrc.com/wp-content/uploads/2022/01/03-15-LD-8-Confessing-Our-Triune-God.pptx
[PPT] ORIGIN OF LIFE,https://www.svmmohanpur.nic.in/powerpoint/ORIGIN%2520OF%2520LIFE.pptx
[PPT] World Religions - Boone County Schools,https://www.boone.k12.ky.us/userfiles/717/Classes/33447/world%2520religions%2520ppt%2520no%2520christianity%2520or%2520judaism.pptx%3Fid%3D562397
