Bestud Past Tense - GrammarTOP.com,https://grammartop.com/bestud-past-tense/%3Fpdf%3D54309
TECHNICAL BULLETIN - NHTSA,https://static.nhtsa.gov/odi/tsbs/2020/MC-10181054-0001.pdf
[PDF] geotextile fabric - Natural Resources Conservation Service,https://www.nrcs.usda.gov/wps/PA_NRCSConsumption/download%3Fcid%3Dnrcseprd355482%26ext%3Dpdf
[PDF] WISCONSIN CONSTRUCTION SPECIFICATION 10. Fences - USDA,https://www.nrcs.usda.gov/wps/PA_NRCSConsumption/download%3Fcid%3Dnrcseprd322447%26ext%3Dpdf
Nuclear Safety (II): The Years of Delay - Science,https://www.science.org/doi/pdf/10.1126/science.177.4052.867
"[PDF] silt fence - City of Madison, Wisconsin",http://www.cityofmadison.com/business/pw/documents/StdSpecs/2012/Drawings/1_01.pdf
SILT FENCE - City of Madison,http://www.cityofmadison.com/business/pw/documents/StdSpecs/2008/Drawings/1_01.pdf
"[PDF] A central component to the judicial system, a jail or prison is used to ...",https://www.onslowcountync.gov/DocumentCenter/View/10884/Jail
Description of a Disease Produced by the Use of Mercury,https://www.nejm.org/doi/pdf/10.1056/NEJM181404010030204
[PDF] PRIMARY TUMOURS OF THE SMALL BOWEL - NCBI,https://www.ncbi.nlm.nih.gov/pmc/articles/PMC2061044/pdf/brmedj03321-0034.pdf
