Caring for Rare: Stories of Rare Metabolic Disorders - Audioboom,https://audioboom.com/channels/5056222.rss
The Mark White Show - Audioboom,https://audioboom.com/channels/5024444.rss
AASW – Social Work People Podcast - Omny.fm,https://omny.fm/shows/aasw-social-work-people/playlists/aasw-social-work-people-podcast.rss
Let's Go Brandon Green - Buzzsprout,https://feeds.buzzsprout.com/1921326.rss
PedsAdmit - Buzzsprout,https://feeds.buzzsprout.com/864685.rss
This Pathological Life Podcast,https://www.omnycontent.com/d/playlist/e84f1b30-de47-47e0-979c-abd100671f0e/cf4edc11-af80-48f3-b2f6-abd50069ba1c/5e539cb6-5036-40da-9d65-abd5006a97fa/podcast.rss
RARECast - Pod.casts - The Podcast Discovery Service,https://pod.casts.io/podcasts/rarecast-1528884765.rss
Latest Natural Sciences Podcast Episodes - Pod.casts,https://pod.casts.io/categories/natural-sciences/new-episodes.rss
