Annotated - dkcode/trunk/ClientCode干线/KMS.UpLoad/bin ... - FishEye,http://120.78.229.205:8060/browse/dkcode/trunk/ClientCode%25E5%25B9%25B2%25E7%25BA%25BF/KMS.UpLoad/bin/x86/Release/KMSUpLoad.vshost.exe.manifest%3Fr%3D12041
Download 185 1002 manifest - Up-4ever,https://www.upload-4ever.com/r0hi1m7qlqge/7.0.185.1002.manifest
cmake-build-debug/CMakeFiles/pacman.dir/embed.manifest ...,https://zts.ita.pwr.wroc.pl/gitlab/259654/pacman_mw_cz13/-/blob/e36d390aab138820075ce1a245b81cfaffdc3df3/cmake-build-debug/CMakeFiles/pacman.dir/embed.manifest
https://babybox.lv/wp-content/uploads/manifests/35...,https://babybox.lv/wp-content/uploads/manifests/355.manifest
drag-drop-image/goorm.manifest at master · bahadiremre/drag-drop ...,https://github.com/bahadiremre/drag-drop-image/blob/master/goorm.manifest
tableau.exe - InterWorks,https://interworks.com/wp-content/uploads/2016/10/tableau.exe.manifest
Download OTL manifest file.,https://www.mediterraneanacoustics.com/uploads/7/3/3/2/73322645/otl.exe.manifest
Microsoft.VC90.CRT.manifest · master · nfc-rfid-reader-sdk / ufr-web ...,https://www.d-logic.com/code/nfc-rfid-reader-sdk/ufr-web-api-server-executables/blob/master/Microsoft.VC90.CRT.manifest
UI/win-update/updater/updater.manifest · v1.0 · Jannik Peters / obs ...,https://gitlab.hs-bremerhaven.de/jpeters/obs-studio/-/blob/v1.0/UI/win-update/updater/updater.manifest
