Watch Video Game Dos_xwing_gus_pnp - Page 195 - Shacknews,https://www.shacknews.com/ftp:/78.46.141.148/videos/dos_xwing_gus_pnp.mkv%3Fpage%3D195
