[DOC] composition of the cell membrane and functions activity - Humble ISD,https://www.humbleisd.net/cms/lib/TX01001414/Centricity/Domain/4546/composition%2520of%2520the%2520cell%2520membrane%2520and%2520functions%2520activity.docx
[DOC] a new alternative for analysis of cellular lipidome? - UWSpace,https://uwspace.uwaterloo.ca/bitstream/handle/10012/12361/SI-HIGH%2520THROUGHPUT%2520SOLID%2520PHASE%2520MICROEXTRACTION%2520A%2520NEW%2520ALTERNATIVE%2520FOR%2520ANALYSIS%2520OF%2520CELLULAR%2520LIPIDOME.doc.docx%3Fsequence%3D4%26isAllowed%3Dn
[DOC] Phospholipid - Ulster University,https://pure.ulster.ac.uk/files/71373916/Accepted_version.docx
[DOC] Download File - Jackson's IB Biology,https://biologyjackson.weebly.com/uploads/2/3/3/6/23364000/1.3_notes.docx
[DOC] Macromolecules Worksheet #2,https://www.ahschools.us/cms/lib08/MN01909485/Centricity/Domain/4774/Marocmolecule%2520review%2520worksheet%2520-%2520answer%2520key.docx
[DOC] https://journals.plos.org/plosbiology/article/file...,https://journals.plos.org/plosbiology/article/file%3Ftype%3Dsupplementary%26id%3Dinfo:doi/10.1371/journal.pbio.1002053.s016
[DOC] MEMBRANE MODEL: The Bubble Lab - Denton ISD,https://www.dentonisd.org/cms/lib/TX21000245/Centricity/Domain/658/2014%2520MEMBRANE%2520MODELBUBBLELAB.docx
[DOC] Lectu re 3 post,http://web.stanford.edu/~vinayc/intelligent-life/lectures/1-3%2520post-class%2520study%2520guide%2520to%2520post.docx
[DOC] The Cell Membrane,http://www.wsfcs.k12.nc.us/cms/lib/NC01001395/Centricity/Domain/862/Cell%2520Membrane%2520Coloring.docx
