StudyOfALittlePenisOutdoor7.AVI - xHamster,https://xhamsterin.xxs.mx/video29890073/studyofalittlepenisoutdoor7.avi%3Fpl%3D35202390%26plname%3Dprostate_cum
